1976-77
1977-78
1978-79
1979-80
1980-81
1981-82
1982-83
1983-84
1984-85
1985-86
1986-87
1987-88
1988-89
1989-90
1990-91
1991-92
1992-93
1993-94
1994-95
1995-96
1996-97
1997-98
1998-99
1999-00


tuition 4,400 4,750 5,150 5,550 6,210 7,150 8,190 9,050 9,750 10,520 11,340 12,120 12,960 14,000 15,180 16,300 17,500 18,630 19,840 21,000 22,200 23,100 23,780 24,500
room 950 1,050 1,115 1,230 1,375 1,490 1,750 1,930 2,080 2,270 2,440 2,550 2,650 2,750 2,920 3,100 3,270 3,450 3,470 3,530 3,556 3,650 3,970 4,070
board 1,075 1,150 1,235 1,360 1,525 1,700 1,850 2,000 2,120 2,230 2,260 2,350 2,450 2,560 2,720 2,800 2,930 3,030 3,040 3,100 3,124 3,200 3,280 3,370

1.55,1.57,1.57,1.57,1.53,1.51,1.47,1.43,1.36,1.38,1.74,1.69,1.73,1.74,1.66,2.06,2.61,2.64,2.34,2.15,2.03,1.95,1.47,1.46,1.41,1.47,1.61,1.53,1.47,1.42,1.39,1.41,1.48,1.46,1.24,1.34,1.7,1.61,1.47,1.69,1.94,2.3,2.51,2.64,3.01,2.14